20 0.748521 0.388889 0.084024 0.050061 0 0 0 0 0 0 0 0 0 0 0 0
20 0.527219 0.148962 0.046154 0.087912 0 0 0 0 0 0 0 0 0 0 0 0
17 0.240237 0.388278 0.035503 0.063492 0 0 0 0 0 0 0 0 0 0 0 0
20 0.526036 0.861416 0.046154 0.089133 0 0 0 0 0 0 0 0 0 0 0 0
17 0.772781 0.234432 0.035503 0.065934 0 0 0 0 0 0 0 0 0 0 0 0
8 0.654438 0.483516 0.073373 0.07326 0 0 0 0 0 0 0 0 0 0 0 0
20 0.543787 0.490232 0.048521 0.089133 0 0 0 0 0 0 0 0 0 0 0 0
17 0.239053 0.579365 0.035503 0.064713 0 0 0 0 0 0 0 0 0 0 0 0
17 0.233728 0.795482 0.036686 0.067155 0 0 0 0 0 0 0 0 0 0 0 0
17 0.772189 0.732601 0.03432 0.065934 0 0 0 0 0 0 0 0 0 0 0 0
20 0.748521 0.579976 0.086391 0.051282 0 0 0 0 0 0 0 0 0 0 0 0
8 0.627811 0.664225 0.072189 0.075702 0 0 0 0 0 0 0 0 0 0 0 0
8 0.627811 0.302808 0.074556 0.075702 0 0 0 0 0 0 0 0 0 0 0 0
8 0.451709 0.483507 0.072798 0.098962 0 0 0 0 0 0 0 0 0 0 0 0
8 0.317784 0.482636 0.072792 0.098952 0 0 0 0 0 0 0 0 0 0 0 0
